Array:
   5   8   7   4   8
   1   3   0   7   2
   8   2   7   6   7
   5   7   8   3   0

Bubble:
   0   0   1   2   2
   3   3   4   5   5
   6   7   7   7   7
   7   8   8   8   8


Array:
   0   6   5   0   4
   7   6   5   8   5
   2   0   2   0   6
   4   8   1   7   3

Insert:
   0   0   0   0   1
   2   2   3   4   4
   5   5   5   6   6
   6   7   7   8   8


Array:
   2   6   2   3   6
   2   3   7   2   1
   5   5   1   6   3
   7   2   3   7   4

Selection:
   1   1   2   2   2
   2   2   3   3   3
   3   4   5   5   6
   6   6   7   7   7

